381, 1, 23.9558
cylinder, 45, 15, 0, 1, 1, 1, 1, 1, 1, 0, 0, 0, 0, 0
(-25.500000, 0.000000, 7.355524), (0.500000, 2.500000, 6.000000), (1.000000, 0.000000, 0.000000), (0.000000, 0.000000, 1.000000), (0.000000, 1.000000, 0.000000)
(-20.300000, 0.000000, 26.169407), (0.500000, 2.500000, 6.000000), (1.000000, 0.000000, 0.000000), (0.000000, 0.000000, 1.000000), (0.000000, 1.000000, 0.000000)
(31.700000, 0.000000, -24.411727), (0.500000, 2.500000, 6.000000), (1.000000, 0.000000, 0.000000), (0.000000, 0.000000, 1.000000), (0.000000, 1.000000, 0.000000)
(-29.400000, 0.000000, -8.961885), (0.500000, 2.500000, 6.000000), (1.000000, 0.000000, 0.000000), (0.000000, 0.000000, 1.000000), (0.000000, 1.000000, 0.000000)
(30.400000, 0.000000, 29.774461), (0.500000, 2.500000, 6.000000), (1.000000, 0.000000, 0.000000), (0.000000, 0.000000, 1.000000), (0.000000, 1.000000, 0.000000)
(-42.400000, 0.000000, -0.150000), (0.500000, 2.500000, 6.000000), (1.000000, 0.000000, 0.000000), (0.000000, 0.000000, 1.000000), (0.000000, 1.000000, 0.000000)
(-12.500000, 0.000000, 39.913860), (0.500000, 2.500000, 6.000000), (1.000000, 0.000000, 0.000000), (0.000000, 0.000000, 1.000000), (0.000000, 1.000000, 0.000000)
(-33.300000, 0.000000, -22.328206), (0.500000, 2.500000, 6.000000), (1.000000, 0.000000, 0.000000), (0.000000, 0.000000, 1.000000), (0.000000, 1.000000, 0.000000)
(0.500000, 0.000000, 25.831790), (0.500000, 2.500000, 6.000000), (1.000000, 0.000000, 0.000000), (0.000000, 0.000000, 1.000000), (0.000000, 1.000000, 0.000000)
(23.900000, 0.000000, -19.653346), (0.500000, 2.500000, 6.000000), (1.000000, 0.000000, 0.000000), (0.000000, 0.000000, 1.000000), (0.000000, 1.000000, 0.000000)
(-30.700000, 0.000000, 18.616203), (0.500000, 2.500000, 6.000000), (1.000000, 0.000000, 0.000000), (0.000000, 0.000000, 1.000000), (0.000000, 1.000000, 0.000000)
(-17.700000, 0.000000, -22.711409), (0.500000, 2.500000, 6.000000), (1.000000, 0.000000, 0.000000), (0.000000, 0.000000, 1.000000), (0.000000, 1.000000, 0.000000)
(-26.800000, 0.000000, 32.706402), (0.500000, 2.500000, 6.000000), (1.000000, 0.000000, 0.000000), (0.000000, 0.000000, 1.000000), (0.000000, 1.000000, 0.000000)
(13.500000, 0.000000, 28.888230), (0.500000, 2.500000, 6.000000), (1.000000, 0.000000, 0.000000), (0.000000, 0.000000, 1.000000), (0.000000, 1.000000, 0.000000)
(9.600000, 0.000000, 40.562420), (0.500000, 2.500000, 6.000000), (1.000000, 0.000000, 0.000000), (0.000000, 0.000000, 1.000000), (0.000000, 1.000000, 0.000000)
(31.700000, 0.000000, 28.725444), (0.500000, 2.500000, 6.000000), (1.000000, 0.000000, 0.000000), (0.000000, 0.000000, 1.000000), (0.000000, 1.000000, 0.000000)
(8.300000, 0.000000, -8.999047), (0.500000, 2.500000, 6.000000), (1.000000, 0.000000, 0.000000), (0.000000, 0.000000, 1.000000), (0.000000, 1.000000, 0.000000)
(-30.700000, 0.000000, 24.077975), (0.500000, 2.500000, 6.000000), (1.000000, 0.000000, 0.000000), (0.000000, 0.000000, 1.000000), (0.000000, 1.000000, 0.000000)
(-33.300000, 0.000000, 26.897758), (0.500000, 2.500000, 6.000000), (1.000000, 0.000000, 0.000000), (0.000000, 0.000000, 1.000000), (0.000000, 1.000000, 0.000000)
(0.500000, 0.000000, 15.199074), (0.500000, 2.500000, 6.000000), (1.000000, 0.000000, 0.000000), (0.000000, 0.000000, 1.000000), (0.000000, 1.000000, 0.000000)
(22.600000, 0.000000, -3.374216), (0.500000, 2.500000, 6.000000), (1.000000, 0.000000, 0.000000), (0.000000, 0.000000, 1.000000), (0.000000, 1.000000, 0.000000)
(-8.600000, 0.000000, -36.618678), (0.500000, 2.500000, 6.000000), (1.000000, 0.000000, 0.000000), (0.000000, 0.000000, 1.000000), (0.000000, 1.000000, 0.000000)
(-6.000000, 0.000000, -21.838092), (0.500000, 2.500000, 6.000000), (1.000000, 0.000000, 0.000000), (0.000000, 0.000000, 1.000000), (0.000000, 1.000000, 0.000000)
(0.500000, 0.000000, 36.464506), (0.500000, 2.500000, 6.000000), (1.000000, 0.000000, 0.000000), (0.000000, 0.000000, 1.000000), (0.000000, 1.000000, 0.000000)
(39.500000, 0.000000, 2.362007), (0.500000, 2.500000, 6.000000), (1.000000, 0.000000, 0.000000), (0.000000, 0.000000, 1.000000), (0.000000, 1.000000, 0.000000)
(1.800000, 0.000000, -22.000660), (0.500000, 2.500000, 6.000000), (1.000000, 0.000000, 0.000000), (0.000000, 0.000000, 1.000000), (0.000000, 1.000000, 0.000000)
(9.600000, 0.000000, 24.057452), (0.500000, 2.500000, 6.000000), (1.000000, 0.000000, 0.000000), (0.000000, 0.000000, 1.000000), (0.000000, 1.000000, 0.000000)
(-3.400000, 0.000000, 4.552375), (0.500000, 2.500000, 6.000000), (1.000000, 0.000000, 0.000000), (0.000000, 0.000000, 1.000000), (0.000000, 1.000000, 0.000000)
(-0.800000, 0.000000, -37.961135), (0.500000, 2.500000, 6.000000), (1.000000, 0.000000, 0.000000), (0.000000, 0.000000, 1.000000), (0.000000, 1.000000, 0.000000)
(29.100000, 0.000000, 25.860552), (0.500000, 2.500000, 6.000000), (1.000000, 0.000000, 0.000000), (0.000000, 0.000000, 1.000000), (0.000000, 1.000000, 0.000000)
(-12.500000, 0.000000, 12.837953), (0.500000, 2.500000, 6.000000), (1.000000, 0.000000, 0.000000), (0.000000, 0.000000, 1.000000), (0.000000, 1.000000, 0.000000)
(5.700000, 0.000000, -27.131967), (0.500000, 2.500000, 6.000000), (1.000000, 0.000000, 0.000000), (0.000000, 0.000000, 1.000000), (0.000000, 1.000000, 0.000000)
(-11.200000, 0.000000, 23.856205), (0.500000, 2.500000, 6.000000), (1.000000, 0.000000, 0.000000), (0.000000, 0.000000, 1.000000), (0.000000, 1.000000, 0.000000)
(-39.800000, 0.000000, -11.924524), (0.500000, 2.500000, 6.000000), (1.000000, 0.000000, 0.000000), (0.000000, 0.000000, 1.000000), (0.000000, 1.000000, 0.000000)
(23.900000, 0.000000, -14.209533), (0.500000, 2.500000, 6.000000), (1.000000, 0.000000, 0.000000), (0.000000, 0.000000, 1.000000), (0.000000, 1.000000, 0.000000)
(-35.900000, 0.000000, 13.069464), (0.500000, 2.500000, 6.000000), (1.000000, 0.000000, 0.000000), (0.000000, 0.000000, 1.000000), (0.000000, 1.000000, 0.000000)
(8.300000, 0.000000, -31.129839), (0.500000, 2.500000, 6.000000), (1.000000, 0.000000, 0.000000), (0.000000, 0.000000, 1.000000), (0.000000, 1.000000, 0.000000)
(-34.600000, 0.000000, 8.128784), (0.500000, 2.500000, 6.000000), (1.000000, 0.000000, 0.000000), (0.000000, 0.000000, 1.000000), (0.000000, 1.000000, 0.000000)
(25.200000, 0.000000, -24.589300), (0.500000, 2.500000, 6.000000), (1.000000, 0.000000, 0.000000), (0.000000, 0.000000, 1.000000), (0.000000, 1.000000, 0.000000)
(42.100000, 0.000000, -6.197693), (0.500000, 2.500000, 6.000000), (1.000000, 0.000000, 0.000000), (0.000000, 0.000000, 1.000000), (0.000000, 1.000000, 0.000000)
(35.600000, 0.000000, 24.166123), (0.500000, 2.500000, 6.000000), (1.000000, 0.000000, 0.000000), (0.000000, 0.000000, 1.000000), (0.000000, 1.000000, 0.000000)
(30.400000, 0.000000, -8.756671), (0.500000, 2.500000, 6.000000), (1.000000, 0.000000, 0.000000), (0.000000, 0.000000, 1.000000), (0.000000, 1.000000, 0.000000)
(-22.900000, 0.000000, 35.312456), (0.500000, 2.500000, 6.000000), (1.000000, 0.000000, 0.000000), (0.000000, 0.000000, 1.000000), (0.000000, 1.000000, 0.000000)
(36.900000, 0.000000, -17.273815), (0.500000, 2.500000, 6.000000), (1.000000, 0.000000, 0.000000), (0.000000, 0.000000, 1.000000), (0.000000, 1.000000, 0.000000)
(39.500000, 0.000000, -2.962007), (0.500000, 2.500000, 6.000000), (1.000000, 0.000000, 0.000000), (0.000000, 0.000000, 1.000000), (0.000000, 1.000000, 0.000000)
(-42.400000, 0.000000, -5.924827), (0.500000, 2.500000, 6.000000), (1.000000, 0.000000, 0.000000), (0.000000, 0.000000, 1.000000), (0.000000, 1.000000, 0.000000)
(7.000000, 0.000000, 4.505802), (0.500000, 2.500000, 6.000000), (1.000000, 0.000000, 0.000000), (0.000000, 0.000000, 1.000000), (0.000000, 1.000000, 0.000000)
(-41.100000, 0.000000, 2.746368), (0.500000, 2.500000, 6.000000), (1.000000, 0.000000, 0.000000), (0.000000, 0.000000, 1.000000), (0.000000, 1.000000, 0.000000)
(10.900000, 0.000000, 12.964687), (0.500000, 2.500000, 6.000000), (1.000000, 0.000000, 0.000000), (0.000000, 0.000000, 1.000000), (0.000000, 1.000000, 0.000000)
(7.000000, 0.000000, 25.529012), (0.500000, 2.500000, 6.000000), (1.000000, 0.000000, 0.000000), (0.000000, 0.000000, 1.000000), (0.000000, 1.000000, 0.000000)
(-16.400000, 0.000000, -29.626849), (0.500000, 2.500000, 6.000000), (1.000000, 0.000000, 0.000000), (0.000000, 0.000000, 1.000000), (0.000000, 1.000000, 0.000000)
(-19.000000, 0.000000, 32.006617), (0.500000, 2.500000, 6.000000), (1.000000, 0.000000, 0.000000), (0.000000, 0.000000, 1.000000), (0.000000, 1.000000, 0.000000)
(-6.000000, 0.000000, 36.154160), (0.500000, 2.500000, 6.000000), (1.000000, 0.000000, 0.000000), (0.000000, 0.000000, 1.000000), (0.000000, 1.000000, 0.000000)
(-37.200000, 0.000000, 21.866910), (0.500000, 2.500000, 6.000000), (1.000000, 0.000000, 0.000000), (0.000000, 0.000000, 1.000000), (0.000000, 1.000000, 0.000000)
(5.700000, 0.000000, 36.184754), (0.500000, 2.500000, 6.000000), (1.000000, 0.000000, 0.000000), (0.000000, 0.000000, 1.000000), (0.000000, 1.000000, 0.000000)
(-12.500000, 0.000000, -14.237953), (0.500000, 2.500000, 6.000000), (1.000000, 0.000000, 0.000000), (0.000000, 0.000000, 1.000000), (0.000000, 1.000000, 0.000000)
(-22.900000, 0.000000, 13.212483), (0.500000, 2.500000, 6.000000), (1.000000, 0.000000, 0.000000), (0.000000, 0.000000, 1.000000), (0.000000, 1.000000, 0.000000)
(1.800000, 0.000000, -37.938655), (0.500000, 2.500000, 6.000000), (1.000000, 0.000000, 0.000000), (0.000000, 0.000000, 1.000000), (0.000000, 1.000000, 0.000000)
(-7.300000, 0.000000, 20.251752), (0.500000, 2.500000, 6.000000), (1.000000, 0.000000, 0.000000), (0.000000, 0.000000, 1.000000), (0.000000, 1.000000, 0.000000)
(-19.000000, 0.000000, -6.092770), (0.500000, 2.500000, 6.000000), (1.000000, 0.000000, 0.000000), (0.000000, 0.000000, 1.000000), (0.000000, 1.000000, 0.000000)
(-26.800000, 0.000000, -6.092734), (0.500000, 2.500000, 6.000000), (1.000000, 0.000000, 0.000000), (0.000000, 0.000000, 1.000000), (0.000000, 1.000000, 0.000000)
(12.200000, 0.000000, 34.564154), (0.500000, 2.500000, 6.000000), (1.000000, 0.000000, 0.000000), (0.000000, 0.000000, 1.000000), (0.000000, 1.000000, 0.000000)
(31.700000, 0.000000, -13.784293), (0.500000, 2.500000, 6.000000), (1.000000, 0.000000, 0.000000), (0.000000, 0.000000, 1.000000), (0.000000, 1.000000, 0.000000)
(20.000000, 0.000000, 37.028628), (0.500000, 2.500000, 6.000000), (1.000000, 0.000000, 0.000000), (0.000000, 0.000000, 1.000000), (0.000000, 1.000000, 0.000000)
(-41.100000, 0.000000, 14.531838), (0.500000, 2.500000, 6.000000), (1.000000, 0.000000, 0.000000), (0.000000, 0.000000, 1.000000), (0.000000, 1.000000, 0.000000)
(25.200000, 0.000000, 18.058345), (0.500000, 2.500000, 6.000000), (1.000000, 0.000000, 0.000000), (0.000000, 0.000000, 1.000000), (0.000000, 1.000000, 0.000000)
(33.000000, 0.000000, -17.022059), (0.500000, 2.500000, 6.000000), (1.000000, 0.000000, 0.000000), (0.000000, 0.000000, 1.000000), (0.000000, 1.000000, 0.000000)
(-17.700000, 0.000000, -0.650000), (0.500000, 2.500000, 6.000000), (1.000000, 0.000000, 0.000000), (0.000000, 0.000000, 1.000000), (0.000000, 1.000000, 0.000000)
(7.000000, 0.000000, -21.773210), (0.500000, 2.500000, 6.000000), (1.000000, 0.000000, 0.000000), (0.000000, 0.000000, 1.000000), (0.000000, 1.000000, 0.000000)
(34.300000, 0.000000, -11.009732), (0.500000, 2.500000, 6.000000), (1.000000, 0.000000, 0.000000), (0.000000, 0.000000, 1.000000), (0.000000, 1.000000, 0.000000)
(-20.300000, 0.000000, 10.077763), (0.500000, 2.500000, 6.000000), (1.000000, 0.000000, 0.000000), (0.000000, 0.000000, 1.000000), (0.000000, 1.000000, 0.000000)
(20.000000, 0.000000, 20.880644), (0.500000, 2.500000, 6.000000), (1.000000, 0.000000, 0.000000), (0.000000, 0.000000, 1.000000), (0.000000, 1.000000, 0.000000)
(-8.600000, 0.000000, -25.566777), (0.500000, 2.500000, 6.000000), (1.000000, 0.000000, 0.000000), (0.000000, 0.000000, 1.000000), (0.000000, 1.000000, 0.000000)
(17.400000, 0.000000, -11.712470), (0.500000, 2.500000, 6.000000), (1.000000, 0.000000, 0.000000), (0.000000, 0.000000, 1.000000), (0.000000, 1.000000, 0.000000)
(-8.600000, 0.000000, 29.692727), (0.500000, 2.500000, 6.000000), (1.000000, 0.000000, 0.000000), (0.000000, 0.000000, 1.000000), (0.000000, 1.000000, 0.000000)
(-3.400000, 0.000000, -21.959499), (0.500000, 2.500000, 6.000000), (1.000000, 0.000000, 0.000000), (0.000000, 0.000000, 1.000000), (0.000000, 1.000000, 0.000000)
(-35.900000, 0.000000, -8.481679), (0.500000, 2.500000, 6.000000), (1.000000, 0.000000, 0.000000), (0.000000, 0.000000, 1.000000), (0.000000, 1.000000, 0.000000)
(22.600000, 0.000000, -31.116374), (0.500000, 2.500000, 6.000000), (1.000000, 0.000000, 0.000000), (0.000000, 0.000000, 1.000000), (0.000000, 1.000000, 0.000000)
(1.800000, 0.000000, -11.375330), (0.500000, 2.500000, 6.000000), (1.000000, 0.000000, 0.000000), (0.000000, 0.000000, 1.000000), (0.000000, 1.000000, 0.000000)
(-2.100000, 0.000000, 9.872439), (0.500000, 2.500000, 6.000000), (1.000000, 0.000000, 0.000000), (0.000000, 0.000000, 1.000000), (0.000000, 1.000000, 0.000000)
(29.100000, 0.000000, -0.550000), (0.500000, 2.500000, 6.000000), (1.000000, 0.000000, 0.000000), (0.000000, 0.000000, 1.000000), (0.000000, 1.000000, 0.000000)
(-15.100000, 0.000000, -29.941183), (0.500000, 2.500000, 6.000000), (1.000000, 0.000000, 0.000000), (0.000000, 0.000000, 1.000000), (0.000000, 1.000000, 0.000000)
(20.000000, 0.000000, 15.497983), (0.500000, 2.500000, 6.000000), (1.000000, 0.000000, 0.000000), (0.000000, 0.000000, 1.000000), (0.000000, 1.000000, 0.000000)
(33.000000, 0.000000, 5.074020), (0.500000, 2.500000, 6.000000), (1.000000, 0.000000, 0.000000), (0.000000, 0.000000, 1.000000), (0.000000, 1.000000, 0.000000)
(21.300000, 0.000000, 25.843595), (0.500000, 2.500000, 6.000000), (1.000000, 0.000000, 0.000000), (0.000000, 0.000000, 1.000000), (0.000000, 1.000000, 0.000000)
(40.800000, 0.000000, -5.583288), (0.500000, 2.500000, 6.000000), (1.000000, 0.000000, 0.000000), (0.000000, 0.000000, 1.000000), (0.000000, 1.000000, 0.000000)
(-8.600000, 0.000000, -20.040826), (0.500000, 2.500000, 6.000000), (1.000000, 0.000000, 0.000000), (0.000000, 0.000000, 1.000000), (0.000000, 1.000000, 0.000000)
(26.500000, 0.000000, 21.746932), (0.500000, 2.500000, 6.000000), (1.000000, 0.000000, 0.000000), (0.000000, 0.000000, 1.000000), (0.000000, 1.000000, 0.000000)
(-29.400000, 0.000000, 19.244398), (0.500000, 2.500000, 6.000000), (1.000000, 0.000000, 0.000000), (0.000000, 0.000000, 1.000000), (0.000000, 1.000000, 0.000000)
(-13.800000, 0.000000, 39.563321), (0.500000, 2.500000, 6.000000), (1.000000, 0.000000, 0.000000), (0.000000, 0.000000, 1.000000), (0.000000, 1.000000, 0.000000)
(-29.400000, 0.000000, -3.320628), (0.500000, 2.500000, 6.000000), (1.000000, 0.000000, 0.000000), (0.000000, 0.000000, 1.000000), (0.000000, 1.000000, 0.000000)
(30.400000, 0.000000, -25.270014), (0.500000, 2.500000, 6.000000), (1.000000, 0.000000, 0.000000), (0.000000, 0.000000, 1.000000), (0.000000, 1.000000, 0.000000)
(12.200000, 0.000000, -8.837882), (0.500000, 2.500000, 6.000000), (1.000000, 0.000000, 0.000000), (0.000000, 0.000000, 1.000000), (0.000000, 1.000000, 0.000000)
(-29.400000, 0.000000, 2.320628), (0.500000, 2.500000, 6.000000), (1.000000, 0.000000, 0.000000), (0.000000, 0.000000, 1.000000), (0.000000, 1.000000, 0.000000)
(-16.400000, 0.000000, 22.967422), (0.500000, 2.500000, 6.000000), (1.000000, 0.000000, 0.000000), (0.000000, 0.000000, 1.000000), (0.000000, 1.000000, 0.000000)
(-12.500000, 0.000000, 29.083497), (0.500000, 2.500000, 6.000000), (1.000000, 0.000000, 0.000000), (0.000000, 0.000000, 1.000000), (0.000000, 1.000000, 0.000000)
(-39.800000, 0.000000, -0.250000), (0.500000, 2.500000, 6.000000), (1.000000, 0.000000, 0.000000), (0.000000, 0.000000, 1.000000), (0.000000, 1.000000, 0.000000)
(13.500000, 0.000000, 12.749195), (0.500000, 2.500000, 6.000000), (1.000000, 0.000000, 0.000000), (0.000000, 0.000000, 1.000000), (0.000000, 1.000000, 0.000000)
(12.200000, 0.000000, -3.412627), (0.500000, 2.500000, 6.000000), (1.000000, 0.000000, 0.000000), (0.000000, 0.000000, 1.000000), (0.000000, 1.000000, 0.000000)
(-6.000000, 0.000000, -37.654160), (0.500000, 2.500000, 6.000000), (1.000000, 0.000000, 0.000000), (0.000000, 0.000000, 1.000000), (0.000000, 1.000000, 0.000000)
(21.300000, 0.000000, 31.142315), (0.500000, 2.500000, 6.000000), (1.000000, 0.000000, 0.000000), (0.000000, 0.000000, 1.000000), (0.000000, 1.000000, 0.000000)
(-38.500000, 0.000000, -3.155222), (0.500000, 2.500000, 6.000000), (1.000000, 0.000000, 0.000000), (0.000000, 0.000000, 1.000000), (0.000000, 1.000000, 0.000000)
(43.400000, 0.000000, -2.918571), (0.500000, 2.500000, 6.000000), (1.000000, 0.000000, 0.000000), (0.000000, 0.000000, 1.000000), (0.000000, 1.000000, 0.000000)
(-16.400000, 0.000000, 33.486277), (0.500000, 2.500000, 6.000000), (1.000000, 0.000000, 0.000000), (0.000000, 0.000000, 1.000000), (0.000000, 1.000000, 0.000000)
(29.100000, 0.000000, 4.732110), (0.500000, 2.500000, 6.000000), (1.000000, 0.000000, 0.000000), (0.000000, 0.000000, 1.000000), (0.000000, 1.000000, 0.000000)
(42.100000, 0.000000, 11.945387), (0.500000, 2.500000, 6.000000), (1.000000, 0.000000, 0.000000), (0.000000, 0.000000, 1.000000), (0.000000, 1.000000, 0.000000)
(-38.500000, 0.000000, -14.576109), (0.500000, 2.500000, 6.000000), (1.000000, 0.000000, 0.000000), (0.000000, 0.000000, 1.000000), (0.000000, 1.000000, 0.000000)
(-9.900000, 0.000000, 18.528380), (0.500000, 2.500000, 6.000000), (1.000000, 0.000000, 0.000000), (0.000000, 0.000000, 1.000000), (0.000000, 1.000000, 0.000000)
(21.300000, 0.000000, 36.441034), (0.500000, 2.500000, 6.000000), (1.000000, 0.000000, 0.000000), (0.000000, 0.000000, 1.000000), (0.000000, 1.000000, 0.000000)
(8.300000, 0.000000, -3.466349), (0.500000, 2.500000, 6.000000), (1.000000, 0.000000, 0.000000), (0.000000, 0.000000, 1.000000), (0.000000, 1.000000, 0.000000)
(-17.700000, 0.000000, -6.165352), (0.500000, 2.500000, 6.000000), (1.000000, 0.000000, 0.000000), (0.000000, 0.000000, 1.000000), (0.000000, 1.000000, 0.000000)
(7.000000, 0.000000, -6.005802), (0.500000, 2.500000, 6.000000), (1.000000, 0.000000, 0.000000), (0.000000, 0.000000, 1.000000), (0.000000, 1.000000, 0.000000)
(-17.700000, 0.000000, -33.742113), (0.500000, 2.500000, 6.000000), (1.000000, 0.000000, 0.000000), (0.000000, 0.000000, 1.000000), (0.000000, 1.000000, 0.000000)
(-24.200000, 0.000000, -19.564819), (0.500000, 2.500000, 6.000000), (1.000000, 0.000000, 0.000000), (0.000000, 0.000000, 1.000000), (0.000000, 1.000000, 0.000000)
(-16.400000, 0.000000, -24.367422), (0.500000, 2.500000, 6.000000), (1.000000, 0.000000, 0.000000), (0.000000, 0.000000, 1.000000), (0.000000, 1.000000, 0.000000)
(40.800000, 0.000000, -10.916575), (0.500000, 2.500000, 6.000000), (1.000000, 0.000000, 0.000000), (0.000000, 0.000000, 1.000000), (0.000000, 1.000000, 0.000000)
(1.800000, 0.000000, 20.500660), (0.500000, 2.500000, 6.000000), (1.000000, 0.000000, 0.000000), (0.000000, 0.000000, 1.000000), (0.000000, 1.000000, 0.000000)
(-2.100000, 0.000000, -11.372439), (0.500000, 2.500000, 6.000000), (1.000000, 0.000000, 0.000000), (0.000000, 0.000000, 1.000000), (0.000000, 1.000000, 0.000000)
(35.600000, 0.000000, -3.129569), (0.500000, 2.500000, 6.000000), (1.000000, 0.000000, 0.000000), (0.000000, 0.000000, 1.000000), (0.000000, 1.000000, 0.000000)
(12.200000, 0.000000, -30.538899), (0.500000, 2.500000, 6.000000), (1.000000, 0.000000, 0.000000), (0.000000, 0.000000, 1.000000), (0.000000, 1.000000, 0.000000)
(16.100000, 0.000000, 7.209642), (0.500000, 2.500000, 6.000000), (1.000000, 0.000000, 0.000000), (0.000000, 0.000000, 1.000000), (0.000000, 1.000000, 0.000000)
(-6.000000, 0.000000, 9.794046), (0.500000, 2.500000, 6.000000), (1.000000, 0.000000, 0.000000), (0.000000, 0.000000, 1.000000), (0.000000, 1.000000, 0.000000)
(-13.800000, 0.000000, 12.721107), (0.500000, 2.500000, 6.000000), (1.000000, 0.000000, 0.000000), (0.000000, 0.000000, 1.000000), (0.000000, 1.000000, 0.000000)
(-38.500000, 0.000000, 8.265665), (0.500000, 2.500000, 6.000000), (1.000000, 0.000000, 0.000000), (0.000000, 0.000000, 1.000000), (0.000000, 1.000000, 0.000000)
(17.400000, 0.000000, 32.537410), (0.500000, 2.500000, 6.000000), (1.000000, 0.000000, 0.000000), (0.000000, 0.000000, 1.000000), (0.000000, 1.000000, 0.000000)
(-9.900000, 0.000000, -25.422203), (0.500000, 2.500000, 6.000000), (1.000000, 0.000000, 0.000000), (0.000000, 0.000000, 1.000000), (0.000000, 1.000000, 0.000000)
(-37.200000, 0.000000, 5.204227), (0.500000, 2.500000, 6.000000), (1.000000, 0.000000, 0.000000), (0.000000, 0.000000, 1.000000), (0.000000, 1.000000, 0.000000)
(-2.100000, 0.000000, -6.061219), (0.500000, 2.500000, 6.000000), (1.000000, 0.000000, 0.000000), (0.000000, 0.000000, 1.000000), (0.000000, 1.000000, 0.000000)
(30.400000, 0.000000, 2.252224), (0.500000, 2.500000, 6.000000), (1.000000, 0.000000, 0.000000), (0.000000, 0.000000, 1.000000), (0.000000, 1.000000, 0.000000)
(-29.400000, 0.000000, 13.603141), (0.500000, 2.500000, 6.000000), (1.000000, 0.000000, 0.000000), (0.000000, 0.000000, 1.000000), (0.000000, 1.000000, 0.000000)
(33.000000, 0.000000, -5.974020), (0.500000, 2.500000, 6.000000), (1.000000, 0.000000, 0.000000), (0.000000, 0.000000, 1.000000), (0.000000, 1.000000, 0.000000)
(1.800000, 0.000000, 31.125990), (0.500000, 2.500000, 6.000000), (1.000000, 0.000000, 0.000000), (0.000000, 0.000000, 1.000000), (0.000000, 1.000000, 0.000000)
(-19.000000, 0.000000, 26.563848), (0.500000, 2.500000, 6.000000), (1.000000, 0.000000, 0.000000), (0.000000, 0.000000, 1.000000), (0.000000, 1.000000, 0.000000)
(0.500000, 0.000000, 20.515432), (0.500000, 2.500000, 6.000000), (1.000000, 0.000000, 0.000000), (0.000000, 0.000000, 1.000000), (0.000000, 1.000000, 0.000000)
(22.600000, 0.000000, -8.922647), (0.500000, 2.500000, 6.000000), (1.000000, 0.000000, 0.000000), (0.000000, 0.000000, 1.000000), (0.000000, 1.000000, 0.000000)
(-6.000000, 0.000000, -27.110115), (0.500000, 2.500000, 6.000000), (1.000000, 0.000000, 0.000000), (0.000000, 0.000000, 1.000000), (0.000000, 1.000000, 0.000000)
(-26.800000, 0.000000, -28.263668), (0.500000, 2.500000, 6.000000), (1.000000, 0.000000, 0.000000), (0.000000, 0.000000, 1.000000), (0.000000, 1.000000, 0.000000)
(-0.800000, 0.000000, 15.197629), (0.500000, 2.500000, 6.000000), (1.000000, 0.000000, 0.000000), (0.000000, 0.000000, 1.000000), (0.000000, 1.000000, 0.000000)
(17.400000, 0.000000, -28.306175), (0.500000, 2.500000, 6.000000), (1.000000, 0.000000, 0.000000), (0.000000, 0.000000, 1.000000), (0.000000, 1.000000, 0.000000)
(-17.700000, 0.000000, 32.442113), (0.500000, 2.500000, 6.000000), (1.000000, 0.000000, 0.000000), (0.000000, 0.000000, 1.000000), (0.000000, 1.000000, 0.000000)
(38.200000, 0.000000, -9.028570), (0.500000, 2.500000, 6.000000), (1.000000, 0.000000, 0.000000), (0.000000, 0.000000, 1.000000), (0.000000, 1.000000, 0.000000)
(18.700000, 0.000000, -0.650000), (0.500000, 2.500000, 6.000000), (1.000000, 0.000000, 0.000000), (0.000000, 0.000000, 1.000000), (0.000000, 1.000000, 0.000000)
(-3.400000, 0.000000, -6.052375), (0.500000, 2.500000, 6.000000), (1.000000, 0.000000, 0.000000), (0.000000, 0.000000, 1.000000), (0.000000, 1.000000, 0.000000)
(25.200000, 0.000000, -3.265478), (0.500000, 2.500000, 6.000000), (1.000000, 0.000000, 0.000000), (0.000000, 0.000000, 1.000000), (0.000000, 1.000000, 0.000000)
(-7.300000, 0.000000, 41.253503), (0.500000, 2.500000, 6.000000), (1.000000, 0.000000, 0.000000), (0.000000, 0.000000, 1.000000), (0.000000, 1.000000, 0.000000)
(27.800000, 0.000000, 32.052177), (0.500000, 2.500000, 6.000000), (1.000000, 0.000000, 0.000000), (0.000000, 0.000000, 1.000000), (0.000000, 1.000000, 0.000000)
(-37.200000, 0.000000, 10.758455), (0.500000, 2.500000, 6.000000), (1.000000, 0.000000, 0.000000), (0.000000, 0.000000, 1.000000), (0.000000, 1.000000, 0.000000)
(20.000000, 0.000000, -16.797983), (0.500000, 2.500000, 6.000000), (1.000000, 0.000000, 0.000000), (0.000000, 0.000000, 1.000000), (0.000000, 1.000000, 0.000000)
(-28.100000, 0.000000, 10.249461), (0.500000, 2.500000, 6.000000), (1.000000, 0.000000, 0.000000), (0.000000, 0.000000, 1.000000), (0.000000, 1.000000, 0.000000)
(-0.800000, 0.000000, -32.645259), (0.500000, 2.500000, 6.000000), (1.000000, 0.000000, 0.000000), (0.000000, 0.000000, 1.000000), (0.000000, 1.000000, 0.000000)
(3.100000, 0.000000, -16.664365), (0.500000, 2.500000, 6.000000), (1.000000, 0.000000, 0.000000), (0.000000, 0.000000, 1.000000), (0.000000, 1.000000, 0.000000)
(-2.100000, 0.000000, 36.428535), (0.500000, 2.500000, 6.000000), (1.000000, 0.000000, 0.000000), (0.000000, 0.000000, 1.000000), (0.000000, 1.000000, 0.000000)
(18.700000, 0.000000, 32.110413), (0.500000, 2.500000, 6.000000), (1.000000, 0.000000, 0.000000), (0.000000, 0.000000, 1.000000), (0.000000, 1.000000, 0.000000)
(30.400000, 0.000000, -19.765566), (0.500000, 2.500000, 6.000000), (1.000000, 0.000000, 0.000000), (0.000000, 0.000000, 1.000000), (0.000000, 1.000000, 0.000000)
(21.300000, 0.000000, -32.442315), (0.500000, 2.500000, 6.000000), (1.000000, 0.000000, 0.000000), (0.000000, 0.000000, 1.000000), (0.000000, 1.000000, 0.000000)
(-4.700000, 0.000000, -11.328641), (0.500000, 2.500000, 6.000000), (1.000000, 0.000000, 0.000000), (0.000000, 0.000000, 1.000000), (0.000000, 1.000000, 0.000000)
(-8.600000, 0.000000, -31.092727), (0.500000, 2.500000, 6.000000), (1.000000, 0.000000, 0.000000), (0.000000, 0.000000, 1.000000), (0.000000, 1.000000, 0.000000)
(31.700000, 0.000000, 12.784293), (0.500000, 2.500000, 6.000000), (1.000000, 0.000000, 0.000000), (0.000000, 0.000000, 1.000000), (0.000000, 1.000000, 0.000000)
(29.100000, 0.000000, -26.960552), (0.500000, 2.500000, 6.000000), (1.000000, 0.000000, 0.000000), (0.000000, 0.000000, 1.000000), (0.000000, 1.000000, 0.000000)
(-16.400000, 0.000000, 12.448568), (0.500000, 2.500000, 6.000000), (1.000000, 0.000000, 0.000000), (0.000000, 0.000000, 1.000000), (0.000000, 1.000000, 0.000000)
(29.100000, 0.000000, 31.142662), (0.500000, 2.500000, 6.000000), (1.000000, 0.000000, 0.000000), (0.000000, 0.000000, 1.000000), (0.000000, 1.000000, 0.000000)
(5.700000, 0.000000, -16.579180), (0.500000, 2.500000, 6.000000), (1.000000, 0.000000, 0.000000), (0.000000, 0.000000, 1.000000), (0.000000, 1.000000, 0.000000)
(-33.300000, 0.000000, 10.489103), (0.500000, 2.500000, 6.000000), (1.000000, 0.000000, 0.000000), (0.000000, 0.000000, 1.000000), (0.000000, 1.000000, 0.000000)
(5.700000, 0.000000, 30.908360), (0.500000, 2.500000, 6.000000), (1.000000, 0.000000, 0.000000), (0.000000, 0.000000, 1.000000), (0.000000, 1.000000, 0.000000)
(27.800000, 0.000000, 10.317392), (0.500000, 2.500000, 6.000000), (1.000000, 0.000000, 0.000000), (0.000000, 0.000000, 1.000000), (0.000000, 1.000000, 0.000000)
(29.100000, 0.000000, 20.578441), (0.500000, 2.500000, 6.000000), (1.000000, 0.000000, 0.000000), (0.000000, 0.000000, 1.000000), (0.000000, 1.000000, 0.000000)
(40.800000, 0.000000, 10.416575), (0.500000, 2.500000, 6.000000), (1.000000, 0.000000, 0.000000), (0.000000, 0.000000, 1.000000), (0.000000, 1.000000, 0.000000)
(-43.700000, 0.000000, -0.050000), (0.500000, 2.500000, 6.000000), (1.000000, 0.000000, 0.000000), (0.000000, 0.000000, 1.000000), (0.000000, 1.000000, 0.000000)
(27.800000, 0.000000, 26.618481), (0.500000, 2.500000, 6.000000), (1.000000, 0.000000, 0.000000), (0.000000, 0.000000, 1.000000), (0.000000, 1.000000, 0.000000)
(-9.900000, 0.000000, -30.916026), (0.500000, 2.500000, 6.000000), (1.000000, 0.000000, 0.000000), (0.000000, 0.000000, 1.000000), (0.000000, 1.000000, 0.000000)
(38.200000, 0.000000, 20.066663), (0.500000, 2.500000, 6.000000), (1.000000, 0.000000, 0.000000), (0.000000, 0.000000, 1.000000), (0.000000, 1.000000, 0.000000)
(27.800000, 0.000000, -5.983696), (0.500000, 2.500000, 6.000000), (1.000000, 0.000000, 0.000000), (0.000000, 0.000000, 1.000000), (0.000000, 1.000000, 0.000000)
(-35.900000, 0.000000, 7.681679), (0.500000, 2.500000, 6.000000), (1.000000, 0.000000, 0.000000), (0.000000, 0.000000, 1.000000), (0.000000, 1.000000, 0.000000)
(0.500000, 0.000000, 31.148148), (0.500000, 2.500000, 6.000000), (1.000000, 0.000000, 0.000000), (0.000000, 0.000000, 1.000000), (0.000000, 1.000000, 0.000000)
(-16.400000, 0.000000, 28.226849), (0.500000, 2.500000, 6.000000), (1.000000, 0.000000, 0.000000), (0.000000, 0.000000, 1.000000), (0.000000, 1.000000, 0.000000)
(-8.600000, 0.000000, 13.114876), (0.500000, 2.500000, 6.000000), (1.000000, 0.000000, 0.000000), (0.000000, 0.000000, 1.000000), (0.000000, 1.000000, 0.000000)
(39.500000, 0.000000, 13.010034), (0.500000, 2.500000, 6.000000), (1.000000, 0.000000, 0.000000), (0.000000, 0.000000, 1.000000), (0.000000, 1.000000, 0.000000)
(9.600000, 0.000000, 13.054140), (0.500000, 2.500000, 6.000000), (1.000000, 0.000000, 0.000000), (0.000000, 0.000000, 1.000000), (0.000000, 1.000000, 0.000000)
(5.700000, 0.000000, 9.802787), (0.500000, 2.500000, 6.000000), (1.000000, 0.000000, 0.000000), (0.000000, 0.000000, 1.000000), (0.000000, 1.000000, 0.000000)
(36.900000, 0.000000, 10.932543), (0.500000, 2.500000, 6.000000), (1.000000, 0.000000, 0.000000), (0.000000, 0.000000, 1.000000), (0.000000, 1.000000, 0.000000)
(-34.600000, 0.000000, 25.186353), (0.500000, 2.500000, 6.000000), (1.000000, 0.000000, 0.000000), (0.000000, 0.000000, 1.000000), (0.000000, 1.000000, 0.000000)
(-21.600000, 0.000000, -27.041926), (0.500000, 2.500000, 6.000000), (1.000000, 0.000000, 0.000000), (0.000000, 0.000000, 1.000000), (0.000000, 1.000000, 0.000000)
(-25.500000, 0.000000, 17.962890), (0.500000, 2.500000, 6.000000), (1.000000, 0.000000, 0.000000), (0.000000, 0.000000, 1.000000), (0.000000, 1.000000, 0.000000)
(-25.500000, 0.000000, 23.266573), (0.500000, 2.500000, 6.000000), (1.000000, 0.000000, 0.000000), (0.000000, 0.000000, 1.000000), (0.000000, 1.000000, 0.000000)
(-16.400000, 0.000000, 7.189141), (0.500000, 2.500000, 6.000000), (1.000000, 0.000000, 0.000000), (0.000000, 0.000000, 1.000000), (0.000000, 1.000000, 0.000000)
(39.500000, 0.000000, -13.610034), (0.500000, 2.500000, 6.000000), (1.000000, 0.000000, 0.000000), (0.000000, 0.000000, 1.000000), (0.000000, 1.000000, 0.000000)
(5.700000, 0.000000, 20.355573), (0.500000, 2.500000, 6.000000), (1.000000, 0.000000, 0.000000), (0.000000, 0.000000, 1.000000), (0.000000, 1.000000, 0.000000)
(0.500000, 0.000000, -32.648148), (0.500000, 2.500000, 6.000000), (1.000000, 0.000000, 0.000000), (0.000000, 0.000000, 1.000000), (0.000000, 1.000000, 0.000000)
(43.400000, 0.000000, 2.718571), (0.500000, 2.500000, 6.000000), (1.000000, 0.000000, 0.000000), (0.000000, 0.000000, 1.000000), (0.000000, 1.000000, 0.000000)
(31.700000, 0.000000, 7.470576), (0.500000, 2.500000, 6.000000), (1.000000, 0.000000, 0.000000), (0.000000, 0.000000, 1.000000), (0.000000, 1.000000, 0.000000)
(-2.100000, 0.000000, -0.750000), (0.500000, 2.500000, 6.000000), (1.000000, 0.000000, 0.000000), (0.000000, 0.000000, 1.000000), (0.000000, 1.000000, 0.000000)
(-41.100000, 0.000000, -9.039103), (0.500000, 2.500000, 6.000000), (1.000000, 0.000000, 0.000000), (0.000000, 0.000000, 1.000000), (0.000000, 1.000000, 0.000000)
(-19.000000, 0.000000, 21.121078), (0.500000, 2.500000, 6.000000), (1.000000, 0.000000, 0.000000), (0.000000, 0.000000, 1.000000), (0.000000, 1.000000, 0.000000)
(-16.400000, 0.000000, -3.329714), (0.500000, 2.500000, 6.000000), (1.000000, 0.000000, 0.000000), (0.000000, 0.000000, 1.000000), (0.000000, 1.000000, 0.000000)
(-26.800000, 0.000000, -0.550000), (0.500000, 2.500000, 6.000000), (1.000000, 0.000000, 0.000000), (0.000000, 0.000000, 1.000000), (0.000000, 1.000000, 0.000000)
(-13.800000, 0.000000, -3.384221), (0.500000, 2.500000, 6.000000), (1.000000, 0.000000, 0.000000), (0.000000, 0.000000, 1.000000), (0.000000, 1.000000, 0.000000)
(38.200000, 0.000000, -3.209523), (0.500000, 2.500000, 6.000000), (1.000000, 0.000000, 0.000000), (0.000000, 0.000000, 1.000000), (0.000000, 1.000000, 0.000000)
(34.300000, 0.000000, 4.829866), (0.500000, 2.500000, 6.000000), (1.000000, 0.000000, 0.000000), (0.000000, 0.000000, 1.000000), (0.000000, 1.000000, 0.000000)
(-4.700000, 0.000000, 41.564562), (0.500000, 2.500000, 6.000000), (1.000000, 0.000000, 0.000000), (0.000000, 0.000000, 1.000000), (0.000000, 1.000000, 0.000000)
(-11.200000, 0.000000, -14.342336), (0.500000, 2.500000, 6.000000), (1.000000, 0.000000, 0.000000), (0.000000, 0.000000, 1.000000), (0.000000, 1.000000, 0.000000)
(-12.500000, 0.000000, -30.483497), (0.500000, 2.500000, 6.000000), (1.000000, 0.000000, 0.000000), (0.000000, 0.000000, 1.000000), (0.000000, 1.000000, 0.000000)
(-21.600000, 0.000000, 15.185156), (0.500000, 2.500000, 6.000000), (1.000000, 0.000000, 0.000000), (0.000000, 0.000000, 1.000000), (0.000000, 1.000000, 0.000000)
(16.100000, 0.000000, 38.848210), (0.500000, 2.500000, 6.000000), (1.000000, 0.000000, 0.000000), (0.000000, 0.000000, 1.000000), (0.000000, 1.000000, 0.000000)
(3.100000, 0.000000, 36.383519), (0.500000, 2.500000, 6.000000), (1.000000, 0.000000, 0.000000), (0.000000, 0.000000, 1.000000), (0.000000, 1.000000, 0.000000)
(8.300000, 0.000000, 40.795234), (0.500000, 2.500000, 6.000000), (1.000000, 0.000000, 0.000000), (0.000000, 0.000000, 1.000000), (0.000000, 1.000000, 0.000000)
(9.600000, 0.000000, -25.457452), (0.500000, 2.500000, 6.000000), (1.000000, 0.000000, 0.000000), (0.000000, 0.000000, 1.000000), (0.000000, 1.000000, 0.000000)
(-28.100000, 0.000000, -16.749192), (0.500000, 2.500000, 6.000000), (1.000000, 0.000000, 0.000000), (0.000000, 0.000000, 1.000000), (0.000000, 1.000000, 0.000000)
(-4.700000, 0.000000, 15.117961), (0.500000, 2.500000, 6.000000), (1.000000, 0.000000, 0.000000), (0.000000, 0.000000, 1.000000), (0.000000, 1.000000, 0.000000)
(-34.600000, 0.000000, 2.442928), (0.500000, 2.500000, 6.000000), (1.000000, 0.000000, 0.000000), (0.000000, 0.000000, 1.000000), (0.000000, 1.000000, 0.000000)
(-19.000000, 0.000000, 37.449387), (0.500000, 2.500000, 6.000000), (1.000000, 0.000000, 0.000000), (0.000000, 0.000000, 1.000000), (0.000000, 1.000000, 0.000000)
(17.400000, 0.000000, 38.068645), (0.500000, 2.500000, 6.000000), (1.000000, 0.000000, 0.000000), (0.000000, 0.000000, 1.000000), (0.000000, 1.000000, 0.000000)
(8.300000, 0.000000, -25.597141), (0.500000, 2.500000, 6.000000), (1.000000, 0.000000, 0.000000), (0.000000, 0.000000, 1.000000), (0.000000, 1.000000, 0.000000)
(-0.800000, 0.000000, -27.329382), (0.500000, 2.500000, 6.000000), (1.000000, 0.000000, 0.000000), (0.000000, 0.000000, 1.000000), (0.000000, 1.000000, 0.000000)
(18.700000, 0.000000, 37.570482), (0.500000, 2.500000, 6.000000), (1.000000, 0.000000, 0.000000), (0.000000, 0.000000, 1.000000), (0.000000, 1.000000, 0.000000)
(-12.500000, 0.000000, -3.407591), (0.500000, 2.500000, 6.000000), (1.000000, 0.000000, 0.000000), (0.000000, 0.000000, 1.000000), (0.000000, 1.000000, 0.000000)
(-7.300000, 0.000000, -16.501314), (0.500000, 2.500000, 6.000000), (1.000000, 0.000000, 0.000000), (0.000000, 0.000000, 1.000000), (0.000000, 1.000000, 0.000000)
(-3.400000, 0.000000, -37.866622), (0.500000, 2.500000, 6.000000), (1.000000, 0.000000, 0.000000), (0.000000, 0.000000, 1.000000), (0.000000, 1.000000, 0.000000)
(-37.200000, 0.000000, 16.312682), (0.500000, 2.500000, 6.000000), (1.000000, 0.000000, 0.000000), (0.000000, 0.000000, 1.000000), (0.000000, 1.000000, 0.000000)
(-13.800000, 0.000000, 7.352664), (0.500000, 2.500000, 6.000000), (1.000000, 0.000000, 0.000000), (0.000000, 0.000000, 1.000000), (0.000000, 1.000000, 0.000000)
(-24.200000, 0.000000, 7.527780), (0.500000, 2.500000, 6.000000), (1.000000, 0.000000, 0.000000), (0.000000, 0.000000, 1.000000), (0.000000, 1.000000, 0.000000)
(-4.700000, 0.000000, -21.907281), (0.500000, 2.500000, 6.000000), (1.000000, 0.000000, 0.000000), (0.000000, 0.000000, 1.000000), (0.000000, 1.000000, 0.000000)
(4.400000, 0.000000, -16.628124), (0.500000, 2.500000, 6.000000), (1.000000, 0.000000, 0.000000), (0.000000, 0.000000, 1.000000), (0.000000, 1.000000, 0.000000)
(-33.300000, 0.000000, 21.428206), (0.500000, 2.500000, 6.000000), (1.000000, 0.000000, 0.000000), (0.000000, 0.000000, 1.000000), (0.000000, 1.000000, 0.000000)
(25.200000, 0.000000, 7.396433), (0.500000, 2.500000, 6.000000), (1.000000, 0.000000, 0.000000), (0.000000, 0.000000, 1.000000), (0.000000, 1.000000, 0.000000)
(-11.200000, 0.000000, 2.028467), (0.500000, 2.500000, 6.000000), (1.000000, 0.000000, 0.000000), (0.000000, 0.000000, 1.000000), (0.000000, 1.000000, 0.000000)
(22.600000, 0.000000, -14.471079), (0.500000, 2.500000, 6.000000), (1.000000, 0.000000, 0.000000), (0.000000, 0.000000, 1.000000), (0.000000, 1.000000, 0.000000)
(-30.700000, 0.000000, 13.154431), (0.500000, 2.500000, 6.000000), (1.000000, 0.000000, 0.000000), (0.000000, 0.000000, 1.000000), (0.000000, 1.000000, 0.000000)
(27.800000, 0.000000, -16.851088), (0.500000, 2.500000, 6.000000), (1.000000, 0.000000, 0.000000), (0.000000, 0.000000, 1.000000), (0.000000, 1.000000, 0.000000)
(27.800000, 0.000000, 4.883696), (0.500000, 2.500000, 6.000000), (1.000000, 0.000000, 0.000000), (0.000000, 0.000000, 1.000000), (0.000000, 1.000000, 0.000000)
(22.600000, 0.000000, -20.019511), (0.500000, 2.500000, 6.000000), (1.000000, 0.000000, 0.000000), (0.000000, 0.000000, 1.000000), (0.000000, 1.000000, 0.000000)
(-34.600000, 0.000000, -3.242928), (0.500000, 2.500000, 6.000000), (1.000000, 0.000000, 0.000000), (0.000000, 0.000000, 1.000000), (0.000000, 1.000000, 0.000000)
(-35.900000, 0.000000, -19.257250), (0.500000, 2.500000, 6.000000), (1.000000, 0.000000, 0.000000), (0.000000, 0.000000, 1.000000), (0.000000, 1.000000, 0.000000)
(-19.000000, 0.000000, -11.535539), (0.500000, 2.500000, 6.000000), (1.000000, 0.000000, 0.000000), (0.000000, 0.000000, 1.000000), (0.000000, 1.000000, 0.000000)
(-28.100000, 0.000000, -11.349461), (0.500000, 2.500000, 6.000000), (1.000000, 0.000000, 0.000000), (0.000000, 0.000000, 1.000000), (0.000000, 1.000000, 0.000000)
(1.800000, 0.000000, -27.313325), (0.500000, 2.500000, 6.000000), (1.000000, 0.000000, 0.000000), (0.000000, 0.000000, 1.000000), (0.000000, 1.000000, 0.000000)
(-24.200000, 0.000000, -8.727780), (0.500000, 2.500000, 6.000000), (1.000000, 0.000000, 0.000000), (0.000000, 0.000000, 1.000000), (0.000000, 1.000000, 0.000000)
(18.700000, 0.000000, -11.570138), (0.500000, 2.500000, 6.000000), (1.000000, 0.000000, 0.000000), (0.000000, 0.000000, 1.000000), (0.000000, 1.000000, 0.000000)
(-9.900000, 0.000000, -3.446911), (0.500000, 2.500000, 6.000000), (1.000000, 0.000000, 0.000000), (0.000000, 0.000000, 1.000000), (0.000000, 1.000000, 0.000000)
(-9.900000, 0.000000, -14.434557), (0.500000, 2.500000, 6.000000), (1.000000, 0.000000, 0.000000), (0.000000, 0.000000, 1.000000), (0.000000, 1.000000, 0.000000)
(12.200000, 0.000000, 39.989408), (0.500000, 2.500000, 6.000000), (1.000000, 0.000000, 0.000000), (0.000000, 0.000000, 1.000000), (0.000000, 1.000000, 0.000000)
(-28.100000, 0.000000, 21.048923), (0.500000, 2.500000, 6.000000), (1.000000, 0.000000, 0.000000), (0.000000, 0.000000, 1.000000), (0.000000, 1.000000, 0.000000)
(25.200000, 0.000000, -19.258345), (0.500000, 2.500000, 6.000000), (1.000000, 0.000000, 0.000000), (0.000000, 0.000000, 1.000000), (0.000000, 1.000000, 0.000000)
(-22.900000, 0.000000, -14.412483), (0.500000, 2.500000, 6.000000), (1.000000, 0.000000, 0.000000), (0.000000, 0.000000, 1.000000), (0.000000, 1.000000, 0.000000)
(-33.300000, 0.000000, -5.919552), (0.500000, 2.500000, 6.000000), (1.000000, 0.000000, 0.000000), (0.000000, 0.000000, 1.000000), (0.000000, 1.000000, 0.000000)
(13.500000, 0.000000, 39.647586), (0.500000, 2.500000, 6.000000), (1.000000, 0.000000, 0.000000), (0.000000, 0.000000, 1.000000), (0.000000, 1.000000, 0.000000)
(30.400000, 0.000000, 13.261119), (0.500000, 2.500000, 6.000000), (1.000000, 0.000000, 0.000000), (0.000000, 0.000000, 1.000000), (0.000000, 1.000000, 0.000000)
(-15.100000, 0.000000, -8.674868), (0.500000, 2.500000, 6.000000), (1.000000, 0.000000, 0.000000), (0.000000, 0.000000, 1.000000), (0.000000, 1.000000, 0.000000)
(-13.800000, 0.000000, 1.984221), (0.500000, 2.500000, 6.000000), (1.000000, 0.000000, 0.000000), (0.000000, 0.000000, 1.000000), (0.000000, 1.000000, 0.000000)
(42.100000, 0.000000, -0.150000), (0.500000, 2.500000, 6.000000), (1.000000, 0.000000, 0.000000), (0.000000, 0.000000, 1.000000), (0.000000, 1.000000, 0.000000)
(-13.800000, 0.000000, 34.194878), (0.500000, 2.500000, 6.000000), (1.000000, 0.000000, 0.000000), (0.000000, 0.000000, 1.000000), (0.000000, 1.000000, 0.000000)
(20.000000, 0.000000, 26.263305), (0.500000, 2.500000, 6.000000), (1.000000, 0.000000, 0.000000), (0.000000, 0.000000, 1.000000), (0.000000, 1.000000, 0.000000)
(26.500000, 0.000000, -22.846932), (0.500000, 2.500000, 6.000000), (1.000000, 0.000000, 0.000000), (0.000000, 0.000000, 1.000000), (0.000000, 1.000000, 0.000000)
(-21.600000, 0.000000, -0.650000), (0.500000, 2.500000, 6.000000), (1.000000, 0.000000, 0.000000), (0.000000, 0.000000, 1.000000), (0.000000, 1.000000, 0.000000)
(34.300000, 0.000000, -0.450000), (0.500000, 2.500000, 6.000000), (1.000000, 0.000000, 0.000000), (0.000000, 0.000000, 1.000000), (0.000000, 1.000000, 0.000000)
(14.800000, 0.000000, -30.009557), (0.500000, 2.500000, 6.000000), (1.000000, 0.000000, 0.000000), (0.000000, 0.000000, 1.000000), (0.000000, 1.000000, 0.000000)
(-20.300000, 0.000000, -6.013881), (0.500000, 2.500000, 6.000000), (1.000000, 0.000000, 0.000000), (0.000000, 0.000000, 1.000000), (0.000000, 1.000000, 0.000000)
(-21.600000, 0.000000, -16.485156), (0.500000, 2.500000, 6.000000), (1.000000, 0.000000, 0.000000), (0.000000, 0.000000, 1.000000), (0.000000, 1.000000, 0.000000)
(38.200000, 0.000000, -14.847617), (0.500000, 2.500000, 6.000000), (1.000000, 0.000000, 0.000000), (0.000000, 0.000000, 1.000000), (0.000000, 1.000000, 0.000000)
(4.400000, 0.000000, -27.213540), (0.500000, 2.500000, 6.000000), (1.000000, 0.000000, 0.000000), (0.000000, 0.000000, 1.000000), (0.000000, 1.000000, 0.000000)
(22.600000, 0.000000, 29.916374), (0.500000, 2.500000, 6.000000), (1.000000, 0.000000, 0.000000), (0.000000, 0.000000, 1.000000), (0.000000, 1.000000, 0.000000)
(8.300000, 0.000000, -14.531745), (0.500000, 2.500000, 6.000000), (1.000000, 0.000000, 0.000000), (0.000000, 0.000000, 1.000000), (0.000000, 1.000000, 0.000000)
(25.200000, 0.000000, 34.051212), (0.500000, 2.500000, 6.000000), (1.000000, 0.000000, 0.000000), (0.000000, 0.000000, 1.000000), (0.000000, 1.000000, 0.000000)
(22.600000, 0.000000, 24.367942), (0.500000, 2.500000, 6.000000), (1.000000, 0.000000, 0.000000), (0.000000, 0.000000, 1.000000), (0.000000, 1.000000, 0.000000)
(-4.700000, 0.000000, -16.617961), (0.500000, 2.500000, 6.000000), (1.000000, 0.000000, 0.000000), (0.000000, 0.000000, 1.000000), (0.000000, 1.000000, 0.000000)
(-34.600000, 0.000000, 13.814640), (0.500000, 2.500000, 6.000000), (1.000000, 0.000000, 0.000000), (0.000000, 0.000000, 1.000000), (0.000000, 1.000000, 0.000000)
(-19.000000, 0.000000, 4.792770), (0.500000, 2.500000, 6.000000), (1.000000, 0.000000, 0.000000), (0.000000, 0.000000, 1.000000), (0.000000, 1.000000, 0.000000)
(-32.000000, 0.000000, 28.471110), (0.500000, 2.500000, 6.000000), (1.000000, 0.000000, 0.000000), (0.000000, 0.000000, 1.000000), (0.000000, 1.000000, 0.000000)
(-12.500000, 0.000000, -25.068316), (0.500000, 2.500000, 6.000000), (1.000000, 0.000000, 0.000000), (0.000000, 0.000000, 1.000000), (0.000000, 1.000000, 0.000000)
(-38.500000, 0.000000, 2.555222), (0.500000, 2.500000, 6.000000), (1.000000, 0.000000, 0.000000), (0.000000, 0.000000, 1.000000), (0.000000, 1.000000, 0.000000)
(22.600000, 0.000000, -25.567942), (0.500000, 2.500000, 6.000000), (1.000000, 0.000000, 0.000000), (0.000000, 0.000000, 1.000000), (0.000000, 1.000000, 0.000000)
(-2.100000, 0.000000, -37.928535), (0.500000, 2.500000, 6.000000), (1.000000, 0.000000, 0.000000), (0.000000, 0.000000, 1.000000), (0.000000, 1.000000, 0.000000)
(-32.000000, 0.000000, 7.401212), (0.500000, 2.500000, 6.000000), (1.000000, 0.000000, 0.000000), (0.000000, 0.000000, 1.000000), (0.000000, 1.000000, 0.000000)
(21.300000, 0.000000, -27.143595), (0.500000, 2.500000, 6.000000), (1.000000, 0.000000, 0.000000), (0.000000, 0.000000, 1.000000), (0.000000, 1.000000, 0.000000)
(1.800000, 0.000000, 25.813325), (0.500000, 2.500000, 6.000000), (1.000000, 0.000000, 0.000000), (0.000000, 0.000000, 1.000000), (0.000000, 1.000000, 0.000000)
(-3.400000, 0.000000, 20.459499), (0.500000, 2.500000, 6.000000), (1.000000, 0.000000, 0.000000), (0.000000, 0.000000, 1.000000), (0.000000, 1.000000, 0.000000)
(-32.000000, 0.000000, -13.668686), (0.500000, 2.500000, 6.000000), (1.000000, 0.000000, 0.000000), (0.000000, 0.000000, 1.000000), (0.000000, 1.000000, 0.000000)
(23.900000, 0.000000, -3.321907), (0.500000, 2.500000, 6.000000), (1.000000, 0.000000, 0.000000), (0.000000, 0.000000, 1.000000), (0.000000, 1.000000, 0.000000)
(33.000000, 0.000000, -11.498039), (0.500000, 2.500000, 6.000000), (1.000000, 0.000000, 0.000000), (0.000000, 0.000000, 1.000000), (0.000000, 1.000000, 0.000000)
(-4.700000, 0.000000, -37.775242), (0.500000, 2.500000, 6.000000), (1.000000, 0.000000, 0.000000), (0.000000, 0.000000, 1.000000), (0.000000, 1.000000, 0.000000)
(-34.600000, 0.000000, -8.928784), (0.500000, 2.500000, 6.000000), (1.000000, 0.000000, 0.000000), (0.000000, 0.000000, 1.000000), (0.000000, 1.000000, 0.000000)
(27.800000, 0.000000, 21.184785), (0.500000, 2.500000, 6.000000), (1.000000, 0.000000, 0.000000), (0.000000, 0.000000, 1.000000), (0.000000, 1.000000, 0.000000)
(-17.700000, 0.000000, -11.680704), (0.500000, 2.500000, 6.000000), (1.000000, 0.000000, 0.000000), (0.000000, 0.000000, 1.000000), (0.000000, 1.000000, 0.000000)
(-28.100000, 0.000000, -22.148923), (0.500000, 2.500000, 6.000000), (1.000000, 0.000000, 0.000000), (0.000000, 0.000000, 1.000000), (0.000000, 1.000000, 0.000000)
(38.200000, 0.000000, 8.428570), (0.500000, 2.500000, 6.000000), (1.000000, 0.000000, 0.000000), (0.000000, 0.000000, 1.000000), (0.000000, 1.000000, 0.000000)
(12.200000, 0.000000, 2.012627), (0.500000, 2.500000, 6.000000), (1.000000, 0.000000, 0.000000), (0.000000, 0.000000, 1.000000), (0.000000, 1.000000, 0.000000)
(-20.300000, 0.000000, 20.805525), (0.500000, 2.500000, 6.000000), (1.000000, 0.000000, 0.000000), (0.000000, 0.000000, 1.000000), (0.000000, 1.000000, 0.000000)
(-32.000000, 0.000000, 23.203635), (0.500000, 2.500000, 6.000000), (1.000000, 0.000000, 0.000000), (0.000000, 0.000000, 1.000000), (0.000000, 1.000000, 0.000000)
(-11.200000, 0.000000, 29.313139), (0.500000, 2.500000, 6.000000), (1.000000, 0.000000, 0.000000), (0.000000, 0.000000, 1.000000), (0.000000, 1.000000, 0.000000)
(31.700000, 0.000000, -8.470576), (0.500000, 2.500000, 6.000000), (1.000000, 0.000000, 0.000000), (0.000000, 0.000000, 1.000000), (0.000000, 1.000000, 0.000000)
(-6.000000, 0.000000, -6.022023), (0.500000, 2.500000, 6.000000), (1.000000, 0.000000, 0.000000), (0.000000, 0.000000, 1.000000), (0.000000, 1.000000, 0.000000)
(0.500000, 0.000000, 41.780864), (0.500000, 2.500000, 6.000000), (1.000000, 0.000000, 0.000000), (0.000000, 0.000000, 1.000000), (0.000000, 1.000000, 0.000000)
(-9.900000, 0.000000, -36.409849), (0.500000, 2.500000, 6.000000), (1.000000, 0.000000, 0.000000), (0.000000, 0.000000, 1.000000), (0.000000, 1.000000, 0.000000)
(-29.400000, 0.000000, 30.526911), (0.500000, 2.500000, 6.000000), (1.000000, 0.000000, 0.000000), (0.000000, 0.000000, 1.000000), (0.000000, 1.000000, 0.000000)
(14.800000, 0.000000, 1.964505), (0.500000, 2.500000, 6.000000), (1.000000, 0.000000, 0.000000), (0.000000, 0.000000, 1.000000), (0.000000, 1.000000, 0.000000)
(-24.200000, 0.000000, 34.620378), (0.500000, 2.500000, 6.000000), (1.000000, 0.000000, 0.000000), (0.000000, 0.000000, 1.000000), (0.000000, 1.000000, 0.000000)
(-37.200000, 0.000000, -0.350000), (0.500000, 2.500000, 6.000000), (1.000000, 0.000000, 0.000000), (0.000000, 0.000000, 1.000000), (0.000000, 1.000000, 0.000000)
(-34.600000, 0.000000, -20.300497), (0.500000, 2.500000, 6.000000), (1.000000, 0.000000, 0.000000), (0.000000, 0.000000, 1.000000), (0.000000, 1.000000, 0.000000)
(-25.500000, 0.000000, 28.570256), (0.500000, 2.500000, 6.000000), (1.000000, 0.000000, 0.000000), (0.000000, 0.000000, 1.000000), (0.000000, 1.000000, 0.000000)
(-26.800000, 0.000000, -11.635467), (0.500000, 2.500000, 6.000000), (1.000000, 0.000000, 0.000000), (0.000000, 0.000000, 1.000000), (0.000000, 1.000000, 0.000000)
(13.500000, 0.000000, -30.288230), (0.500000, 2.500000, 6.000000), (1.000000, 0.000000, 0.000000), (0.000000, 0.000000, 1.000000), (0.000000, 1.000000, 0.000000)
(-24.200000, 0.000000, -3.309260), (0.500000, 2.500000, 6.000000), (1.000000, 0.000000, 0.000000), (0.000000, 0.000000, 1.000000), (0.000000, 1.000000, 0.000000)
(-22.900000, 0.000000, -25.462470), (0.500000, 2.500000, 6.000000), (1.000000, 0.000000, 0.000000), (0.000000, 0.000000, 1.000000), (0.000000, 1.000000, 0.000000)
(-19.000000, 0.000000, -33.306617), (0.500000, 2.500000, 6.000000), (1.000000, 0.000000, 0.000000), (0.000000, 0.000000, 1.000000), (0.000000, 1.000000, 0.000000)
(-19.000000, 0.000000, -27.863848), (0.500000, 2.500000, 6.000000), (1.000000, 0.000000, 0.000000), (0.000000, 0.000000, 1.000000), (0.000000, 1.000000, 0.000000)
(22.600000, 0.000000, 35.464805), (0.500000, 2.500000, 6.000000), (1.000000, 0.000000, 0.000000), (0.000000, 0.000000, 1.000000), (0.000000, 1.000000, 0.000000)
(-25.500000, 0.000000, 33.873938), (0.500000, 2.500000, 6.000000), (1.000000, 0.000000, 0.000000), (0.000000, 0.000000, 1.000000), (0.000000, 1.000000, 0.000000)
(-15.100000, 0.000000, -35.257761), (0.500000, 2.500000, 6.000000), (1.000000, 0.000000, 0.000000), (0.000000, 0.000000, 1.000000), (0.000000, 1.000000, 0.000000)
(-7.300000, 0.000000, 30.752628), (0.500000, 2.500000, 6.000000), (1.000000, 0.000000, 0.000000), (0.000000, 0.000000, 1.000000), (0.000000, 1.000000, 0.000000)
(29.100000, 0.000000, 10.014221), (0.500000, 2.500000, 6.000000), (1.000000, 0.000000, 0.000000), (0.000000, 0.000000, 1.000000), (0.000000, 1.000000, 0.000000)
(-30.700000, 0.000000, 2.230886), (0.500000, 2.500000, 6.000000), (1.000000, 0.000000, 0.000000), (0.000000, 0.000000, 1.000000), (0.000000, 1.000000, 0.000000)
(-7.300000, 0.000000, -27.002190), (0.500000, 2.500000, 6.000000), (1.000000, 0.000000, 0.000000), (0.000000, 0.000000, 1.000000), (0.000000, 1.000000, 0.000000)
(-41.100000, 0.000000, -3.146368), (0.500000, 2.500000, 6.000000), (1.000000, 0.000000, 0.000000), (0.000000, 0.000000, 1.000000), (0.000000, 1.000000, 0.000000)
(-6.000000, 0.000000, 4.522023), (0.500000, 2.500000, 6.000000), (1.000000, 0.000000, 0.000000), (0.000000, 0.000000, 1.000000), (0.000000, 1.000000, 0.000000)
(-37.200000, 0.000000, -17.012682), (0.500000, 2.500000, 6.000000), (1.000000, 0.000000, 0.000000), (0.000000, 0.000000, 1.000000), (0.000000, 1.000000, 0.000000)
(-26.800000, 0.000000, 4.992734), (0.500000, 2.500000, 6.000000), (1.000000, 0.000000, 0.000000), (0.000000, 0.000000, 1.000000), (0.000000, 1.000000, 0.000000)
(5.700000, 0.000000, -11.302787), (0.500000, 2.500000, 6.000000), (1.000000, 0.000000, 0.000000), (0.000000, 0.000000, 1.000000), (0.000000, 1.000000, 0.000000)
(9.600000, 0.000000, -8.952484), (0.500000, 2.500000, 6.000000), (1.000000, 0.000000, 0.000000), (0.000000, 0.000000, 1.000000), (0.000000, 1.000000, 0.000000)
(0.500000, 0.000000, -37.964506), (0.500000, 2.500000, 6.000000), (1.000000, 0.000000, 0.000000), (0.000000, 0.000000, 1.000000), (0.000000, 1.000000, 0.000000)
(27.800000, 0.000000, -22.284785), (0.500000, 2.500000, 6.000000), (1.000000, 0.000000, 0.000000), (0.000000, 0.000000, 1.000000), (0.000000, 1.000000, 0.000000)
(-29.400000, 0.000000, 24.885654), (0.500000, 2.500000, 6.000000), (1.000000, 0.000000, 0.000000), (0.000000, 0.000000, 1.000000), (0.000000, 1.000000, 0.000000)
(-15.100000, 0.000000, -24.624604), (0.500000, 2.500000, 6.000000), (1.000000, 0.000000, 0.000000), (0.000000, 0.000000, 1.000000), (0.000000, 1.000000, 0.000000)
(7.000000, 0.000000, -32.284814), (0.500000, 2.500000, 6.000000), (1.000000, 0.000000, 0.000000), (0.000000, 0.000000, 1.000000), (0.000000, 1.000000, 0.000000)
(-20.300000, 0.000000, 15.441644), (0.500000, 2.500000, 6.000000), (1.000000, 0.000000, 0.000000), (0.000000, 0.000000, 1.000000), (0.000000, 1.000000, 0.000000)
(-21.600000, 0.000000, -21.763541), (0.500000, 2.500000, 6.000000), (1.000000, 0.000000, 0.000000), (0.000000, 0.000000, 1.000000), (0.000000, 1.000000, 0.000000)
(-33.300000, 0.000000, 15.958655), (0.500000, 2.500000, 6.000000), (1.000000, 0.000000, 0.000000), (0.000000, 0.000000, 1.000000), (0.000000, 1.000000, 0.000000)
(18.700000, 0.000000, 26.650344), (0.500000, 2.500000, 6.000000), (1.000000, 0.000000, 0.000000), (0.000000, 0.000000, 1.000000), (0.000000, 1.000000, 0.000000)
(-2.100000, 0.000000, 25.806096), (0.500000, 2.500000, 6.000000), (1.000000, 0.000000, 0.000000), (0.000000, 0.000000, 1.000000), (0.000000, 1.000000, 0.000000)
(3.100000, 0.000000, -0.750000), (0.500000, 2.500000, 6.000000), (1.000000, 0.000000, 0.000000), (0.000000, 0.000000, 1.000000), (0.000000, 1.000000, 0.000000)
(9.600000, 0.000000, -30.959108), (0.500000, 2.500000, 6.000000), (1.000000, 0.000000, 0.000000), (0.000000, 0.000000, 1.000000), (0.000000, 1.000000, 0.000000)
(8.300000, 0.000000, 18.664443), (0.500000, 2.500000, 6.000000), (1.000000, 0.000000, 0.000000), (0.000000, 0.000000, 1.000000), (0.000000, 1.000000, 0.000000)
(7.000000, 0.000000, 15.017407), (0.500000, 2.500000, 6.000000), (1.000000, 0.000000, 0.000000), (0.000000, 0.000000, 1.000000), (0.000000, 1.000000, 0.000000)
(10.900000, 0.000000, 2.032937), (0.500000, 2.500000, 6.000000), (1.000000, 0.000000, 0.000000), (0.000000, 0.000000, 1.000000), (0.000000, 1.000000, 0.000000)
(9.600000, 0.000000, 2.050828), (0.500000, 2.500000, 6.000000), (1.000000, 0.000000, 0.000000), (0.000000, 0.000000, 1.000000), (0.000000, 1.000000, 0.000000)
(-39.800000, 0.000000, -6.087262), (0.500000, 2.500000, 6.000000), (1.000000, 0.000000, 0.000000), (0.000000, 0.000000, 1.000000), (0.000000, 1.000000, 0.000000)
(-3.400000, 0.000000, -32.564248), (0.500000, 2.500000, 6.000000), (1.000000, 0.000000, 0.000000), (0.000000, 0.000000, 1.000000), (0.000000, 1.000000, 0.000000)
(40.800000, 0.000000, -0.250000), (0.500000, 2.500000, 6.000000), (1.000000, 0.000000, 0.000000), (0.000000, 0.000000, 1.000000), (0.000000, 1.000000, 0.000000)
(13.500000, 0.000000, -14.149195), (0.500000, 2.500000, 6.000000), (1.000000, 0.000000, 0.000000), (0.000000, 0.000000, 1.000000), (0.000000, 1.000000, 0.000000)
(-42.400000, 0.000000, 5.624827), (0.500000, 2.500000, 6.000000), (1.000000, 0.000000, 0.000000), (0.000000, 0.000000, 1.000000), (0.000000, 1.000000, 0.000000)
(-25.500000, 0.000000, -13.859207), (0.500000, 2.500000, 6.000000), (1.000000, 0.000000, 0.000000), (0.000000, 0.000000, 1.000000), (0.000000, 1.000000, 0.000000)
(-3.400000, 0.000000, 36.366622), (0.500000, 2.500000, 6.000000), (1.000000, 0.000000, 0.000000), (0.000000, 0.000000, 1.000000), (0.000000, 1.000000, 0.000000)
(-32.000000, 0.000000, -8.401212), (0.500000, 2.500000, 6.000000), (1.000000, 0.000000, 0.000000), (0.000000, 0.000000, 1.000000), (0.000000, 1.000000, 0.000000)
(26.500000, 0.000000, -6.124233), (0.500000, 2.500000, 6.000000), (1.000000, 0.000000, 0.000000), (0.000000, 0.000000, 1.000000), (0.000000, 1.000000, 0.000000)
(-21.600000, 0.000000, 20.463541), (0.500000, 2.500000, 6.000000), (1.000000, 0.000000, 0.000000), (0.000000, 0.000000, 1.000000), (0.000000, 1.000000, 0.000000)
(22.600000, 0.000000, 2.174216), (0.500000, 2.500000, 6.000000), (1.000000, 0.000000, 0.000000), (0.000000, 0.000000, 1.000000), (0.000000, 1.000000, 0.000000)
(-21.600000, 0.000000, 36.298697), (0.500000, 2.500000, 6.000000), (1.000000, 0.000000, 0.000000), (0.000000, 0.000000, 1.000000), (0.000000, 1.000000, 0.000000)
(1.800000, 0.000000, 9.875330), (0.500000, 2.500000, 6.000000), (1.000000, 0.000000, 0.000000), (0.000000, 0.000000, 1.000000), (0.000000, 1.000000, 0.000000)
(-35.900000, 0.000000, -13.869464), (0.500000, 2.500000, 6.000000), (1.000000, 0.000000, 0.000000), (0.000000, 0.000000, 1.000000), (0.000000, 1.000000, 0.000000)
(14.800000, 0.000000, 17.951536), (0.500000, 2.500000, 6.000000), (1.000000, 0.000000, 0.000000), (0.000000, 0.000000, 1.000000), (0.000000, 1.000000, 0.000000)
(-8.600000, 0.000000, 7.588926), (0.500000, 2.500000, 6.000000), (1.000000, 0.000000, 0.000000), (0.000000, 0.000000, 1.000000), (0.000000, 1.000000, 0.000000)
(-37.200000, 0.000000, -11.458455), (0.500000, 2.500000, 6.000000), (1.000000, 0.000000, 0.000000), (0.000000, 0.000000, 1.000000), (0.000000, 1.000000, 0.000000)
(3.100000, 0.000000, -11.359577), (0.500000, 2.500000, 6.000000), (1.000000, 0.000000, 0.000000), (0.000000, 0.000000, 1.000000), (0.000000, 1.000000, 0.000000)
(36.900000, 0.000000, 16.573815), (0.500000, 2.500000, 6.000000), (1.000000, 0.000000, 0.000000), (0.000000, 0.000000, 1.000000), (0.000000, 1.000000, 0.000000)
(14.800000, 0.000000, -3.364505), (0.500000, 2.500000, 6.000000), (1.000000, 0.000000, 0.000000), (0.000000, 0.000000, 1.000000), (0.000000, 1.000000, 0.000000)
(13.500000, 0.000000, -8.769517), (0.500000, 2.500000, 6.000000), (1.000000, 0.000000, 0.000000), (0.000000, 0.000000, 1.000000), (0.000000, 1.000000, 0.000000)
(-9.900000, 0.000000, 35.009849), (0.500000, 2.500000, 6.000000), (1.000000, 0.000000, 0.000000), (0.000000, 0.000000, 1.000000), (0.000000, 1.000000, 0.000000)
(-8.600000, 0.000000, -14.514876), (0.500000, 2.500000, 6.000000), (1.000000, 0.000000, 0.000000), (0.000000, 0.000000, 1.000000), (0.000000, 1.000000, 0.000000)
(-13.800000, 0.000000, -30.226435), (0.500000, 2.500000, 6.000000), (1.000000, 0.000000, 0.000000), (0.000000, 0.000000, 1.000000), (0.000000, 1.000000, 0.000000)
(-25.500000, 0.000000, -29.770256), (0.500000, 2.500000, 6.000000), (1.000000, 0.000000, 0.000000), (0.000000, 0.000000, 1.000000), (0.000000, 1.000000, 0.000000)
(-4.700000, 0.000000, 25.696601), (0.500000, 2.500000, 6.000000), (1.000000, 0.000000, 0.000000), (0.000000, 0.000000, 1.000000), (0.000000, 1.000000, 0.000000)
(-8.600000, 0.000000, 40.744628), (0.500000, 2.500000, 6.000000), (1.000000, 0.000000, 0.000000), (0.000000, 0.000000, 1.000000), (0.000000, 1.000000, 0.000000)
(4.400000, 0.000000, 15.128124), (0.500000, 2.500000, 6.000000), (1.000000, 0.000000, 0.000000), (0.000000, 0.000000, 1.000000), (0.000000, 1.000000, 0.000000)
(-41.100000, 0.000000, 8.639103), (0.500000, 2.500000, 6.000000), (1.000000, 0.000000, 0.000000), (0.000000, 0.000000, 1.000000), (0.000000, 1.000000, 0.000000)
(-24.200000, 0.000000, 18.364819), (0.500000, 2.500000, 6.000000), (1.000000, 0.000000, 0.000000), (0.000000, 0.000000, 1.000000), (0.000000, 1.000000, 0.000000)
(5.700000, 0.000000, -32.408360), (0.500000, 2.500000, 6.000000), (1.000000, 0.000000, 0.000000), (0.000000, 0.000000, 1.000000), (0.000000, 1.000000, 0.000000)
(-39.800000, 0.000000, 17.261786), (0.500000, 2.500000, 6.000000), (1.000000, 0.000000, 0.000000), (0.000000, 0.000000, 1.000000), (0.000000, 1.000000, 0.000000)
(1.800000, 0.000000, 4.562665), (0.500000, 2.500000, 6.000000), (1.000000, 0.000000, 0.000000), (0.000000, 0.000000, 1.000000), (0.000000, 1.000000, 0.000000)
(33.000000, 0.000000, 21.646078), (0.500000, 2.500000, 6.000000), (1.000000, 0.000000, 0.000000), (0.000000, 0.000000, 1.000000), (0.000000, 1.000000, 0.000000)
(31.700000, 0.000000, -19.098010), (0.500000, 2.500000, 6.000000), (1.000000, 0.000000, 0.000000), (0.000000, 0.000000, 1.000000), (0.000000, 1.000000, 0.000000)
(-28.100000, 0.000000, 15.649192), (0.500000, 2.500000, 6.000000), (1.000000, 0.000000, 0.000000), (0.000000, 0.000000, 1.000000), (0.000000, 1.000000, 0.000000)
(8.300000, 0.000000, 24.197141), (0.500000, 2.500000, 6.000000), (1.000000, 0.000000, 0.000000), (0.000000, 0.000000, 1.000000), (0.000000, 1.000000, 0.000000)
(4.400000, 0.000000, 25.713540), (0.500000, 2.500000, 6.000000), (1.000000, 0.000000, 0.000000), (0.000000, 0.000000, 1.000000), (0.000000, 1.000000, 0.000000)
(3.100000, 0.000000, 25.773942), (0.500000, 2.500000, 6.000000), (1.000000, 0.000000, 0.000000), (0.000000, 0.000000, 1.000000), (0.000000, 1.000000, 0.000000)
(-15.100000, 0.000000, 28.541183), (0.500000, 2.500000, 6.000000), (1.000000, 0.000000, 0.000000), (0.000000, 0.000000, 1.000000), (0.000000, 1.000000, 0.000000)
(-3.400000, 0.000000, 25.761873), (0.500000, 2.500000, 6.000000), (1.000000, 0.000000, 0.000000), (0.000000, 0.000000, 1.000000), (0.000000, 1.000000, 0.000000)
(-12.500000, 0.000000, -8.822772), (0.500000, 2.500000, 6.000000), (1.000000, 0.000000, 0.000000), (0.000000, 0.000000, 1.000000), (0.000000, 1.000000, 0.000000)
(-24.200000, 0.000000, -14.146299), (0.500000, 2.500000, 6.000000), (1.000000, 0.000000, 0.000000), (0.000000, 0.000000, 1.000000), (0.000000, 1.000000, 0.000000)
(-34.600000, 0.000000, -14.614640), (0.500000, 2.500000, 6.000000), (1.000000, 0.000000, 0.000000), (0.000000, 0.000000, 1.000000), (0.000000, 1.000000, 0.000000)
(-15.100000, 0.000000, -19.308025), (0.500000, 2.500000, 6.000000), (1.000000, 0.000000, 0.000000), (0.000000, 0.000000, 1.000000), (0.000000, 1.000000, 0.000000)
(31.700000, 0.000000, -3.156859), (0.500000, 2.500000, 6.000000), (1.000000, 0.000000, 0.000000), (0.000000, 0.000000, 1.000000), (0.000000, 1.000000, 0.000000)
(-16.400000, 0.000000, 38.745704), (0.500000, 2.500000, 6.000000), (1.000000, 0.000000, 0.000000), (0.000000, 0.000000, 1.000000), (0.000000, 1.000000, 0.000000)
(10.900000, 0.000000, -25.296437), (0.500000, 2.500000, 6.000000), (1.000000, 0.000000, 0.000000), (0.000000, 0.000000, 1.000000), (0.000000, 1.000000, 0.000000)
